# UTF-8 byte offsets from standalone Khmer segmenter; source text is unchanged.
9
24
33
51
69
84
93
114
129
138
168
180
201
219
237
255
270
303
315
324
342
360
381
390
408
423
429
450
462
471
483
513
522
549
567
585
591
600
609
624
633
642
663
678
684
693
714
729
738
753
762
774
795
804
819
825
831
846
855
867
873
882
894
912
930
945
954
963
978
1008
1026
1044
1065
1083
1098
1107
1116
1125
1143
1152
1161
1182
1191
1200
1212
1230
1248
1257
1266
1275
1311
1320
1329
1344
1362
1377
1407
1431
1446
1455
1470
1485
1497
1509
1518
1533
1542
1560
1578
1593
1602
1623
1638
1647
1677
1689
1710
1728
1746
1764
1779
1812
1824
1833
1851
1869
1890
1899
1917
1932
1938
1959
1971
1980
1992
2022
2031
2058
2076
2094
2100
2109
2118
2133
2142
2151
2172
2187
2193
2202
2223
2238
2247
2262
2271
2283
2304
2313
2328
2334
2340
2355
2364
2376
2382
2391
2403
2421
2439
2454
2463
2472
2487
2517
2535
2553
2574
2592
2607
2616
2625
2634
2652
2661
2670
2691
2700
2709
2721
2739
2757
2766
2775
2784
2820
2829
2838
2853
2871
2886
2916
2940
2955
2964
2979
2994
3006
3018
3027
3042
3051
3069
3087
3102
3111
3132
3147
3156
3186
3198
3219
3237
3255
3273
3288
3321
3333
3342
3360
3378
3399
3408
3426
3441
3447
3468
3480
3489
3501
3531
3540
3567
3585
3603
3609
3618
3627
3642
3651
3660
3681
3696
3702
3711
3732
3747
3756
3771
3780
3792
3813
3822
3837
3843
3849
3864
3873
3885
3891
3900
3912
3930
3948
3963
3972
3981
3996
4026
4044
4062
4083
4101
4116
4125
4134
4143
4161
4170
4179
4200
4209
4218
4230
4248
4266
4275
4284
4293
4329
4338
4347
4362
4380
4395
4425
4449
4464
4473
4488
4503
4515
4527
4536
4551
4560
4578
4596
4611
4620
4641
4656
4665
4695
4707
4728
4746
4764
4782
4797
4830
4842
4851
4869
4887
4908
4917
4935
4950
4956
4977
4989
4998
5010
5040
5049
5076
5094
5112
5118
5127
5136
5151
5160
5169
5190
5205
5211
5220
5241
5256
5265
5280
5289
5301
5322
5331
5346
5352
5358
5373
5382
5394
5400
5409
5421
5439
5457
5472
5481
5490
5505
5535
5553
5571
5592
5610
5625
5634
5643
5652
5670
5679
5688
5709
5718
5727
5739
5757
5775
5784
5793
5802
5838
5847
5856
5871
5889
5904
5934
5958
5973
5982
5997
6012
6024
6036
6045
6060
6069
6087
6105
6120
6129
6150
6165
6174
6204
6216
6237
6255
6273
6291
6306
6339
6351
6360
6378
6396
6417
6426
6444
6459
6465
6486
6498
6507
6519
6549
6558
6585
6603
6621
6627
6636
6645
6660
6669
6678
6699
6714
6720
6729
6750
6765
6774
6789
6798
6810
6831
6840
6855
6861
6867
6882
6891
6903
6909
6918
6930
6948
6966
6981
6990
6999
7014
7044
7062
7080
7101
7119
7134
7143
7152
7161
7179
7188
7197
7218
7227
7236
7248
7266
7284
7293
7302
7311
7347
7356
7365
7380
7398
7413
7443
7467
7482
7491
7506
7521
7533
7545
7554
7569
7578
7596
7614
7629
7638
7659
7674
7683
7713
7725
7746
7764
7782
7800
7815
7848
7860
7869
7887
7905
7926
7935
7953
7968
7974
7995
8007
8016
8028
8058
8067
8094
8112
8130
8136
8145
8154
8169
8178
8187
8208
8223
8229
8238
8259
8274
8283
8298
8307
8319
8340
8349
8364
8370
8376
8391
8400
8412
8418
8427
8439
8457
8475
8490
8499
8508
8523
8553
8571
8589
8610
8628
8643
8652
8661
8670
8688
8697
8706
8727
8736
8745
8757
8775
8793
8802
8811
8820
8856
8865
8874
8889
8907
8922
8952
8976
8991
9000
9015
9030
9042
9054
